5	明確な記録はCVRにない	60	5
52	次の可能性が考えられる	80	40
53	いずれが最も可能性が高いかの特定はできなかった	30	5
53	APの補助を得て正規の降下経路に戻ろうとした	40	20
44	機首下げ3.5°	60	5
55	機首上げ方向に作動させようとした	40	80
45	THSは-5.3°の位置からなお機首上げ方向へ	20	20
55	この時点からTHSの機首上げ	30	80
68	スクリュウ・ジャッキのナットの位置	10	90
7	スクリュウ・ジャッキはアクチュエータ	5	50
45	操舵力を軽減	60	60
53	無意識のうちに	60	30
45	押して、それを押して	30	70
45	GOAROUNDのまま変わっていないのを見て	10	80
54	LANDモードのスイッチを押すことのみ	80	10
54	直接LANDモードのボタンを押す	40	20
55	同26秒ごろから降下	10	5
5	約18秒の間に	20	90
56	機首上げ一杯	40	40
46	はい、教官	40	5
78	正常に機能していた	160	5
89	故障又は不具合	40	15
79	相反することとなり	60	40
56	APはディスエンゲージされたがTHSは-12.3°	30	30
46	明らかでない	150	5
5	同15分11秒まで	10	30
83	もし、トリムを戻さなければ	80	30
89	操縦輪の操舵が重い状態	60	60
56	押す操作量が少し増し	40	130
58	操舵に追随せず	20	60
47	操縦輪を限界まで一杯に押し続けたが	10	20
55	面積は	10	60
84	縞模様	40	20
84	有効に機能し得なかった	120	20
84	APはCMDにエンゲージされていたため	5	15
84	開発時においては	5	80
84	英国航空事故調査当局	20	220
85	考慮する必要があった	250	20
57	繰り返し操縦輪を押すように指示	10	30
57	1機長は	0	330
57	また、同型機には	5	200
90	スーパーバイザリー	150	80
58	何等かの異常を認識する可能性	100	160
2088	副操縦士であると認めるのが相当	60	5
2089	6回も操作	30	10
