1	平成8年7月15日	20	40
2022	7月19日	80	40
95	当該状況を認識することなく	80	40
95	警報・認識機能がなかった	60	20
96	分かりにくいことが寄与	60	40
78	要因の1つとなった	150	20
75	実施欄に\+マーク	120	40
75	明らかにできなかった	60	20
53	APエンゲージ状態を認識していた	80	20
53	特定はできなかった	40	20
89	いずれかの可能性がある	120	10
45	FMAの表示がGOAROUND	20	80
52	FMAの表示はGOAROUND	20	40
101	ゴー・レバーを誤って	40	80
103	積極的かつ速やかに	80	10
103	FCOMの記述の改善	20	60
104	一定の限界がある	60	20
104	人間の認知過程を考慮	40	60
105	建議	20	60
2001	被告エアバス・ジー・アイ・イーに対する請求	20	30
2081	改正ワルソー条約25条	80	20
2088	副操縦士であると認めるのが相当	60	10
2088	4倍から5倍	80	40
2089	フライトモード表示器	80	120
2089	6回	60	20
2086	14分34秒に3回	30	40
2090	アウトオブトリムの状態を認識していたというべき	80	10
2090	シミュレーター訓練を受けていた	150	10
2091	分かりにくいとはいえない	60	10
2094	直ちに欠陥であるということはできない	60	10
2097	警告音が鳴らないように	60	30
2097	原因の一つであると指摘	60	10
2098	最も直接的で有効な警告	60	20
2098	有効な表示	80	20
2142	名古屋地方裁判所民事第7部	30	10
S2	平成15年12月	20	20
3001	June	60	10
3003	conflicting actions	40	40
3003	not confined	40	80
3003	As a result of the Nagoya	10	120
